1.971895 
1.905852 
2.603602 
2.766373 
1.973152 
1.803243 
2.267244 
1.681208 
2.026061 
1.776613 
1.638586 
1.673613 
1.920369 
2.093653 
1.560934 
1.787424 
1.981685 
1.983398 
1.970981 
2.340676 
1.630922 
1.578934 
1.744437 
1.889650 
1.665947 
1.812803 
1.953656 
1.622735 
1.950186 
1.575009 
1.806258 
1.979369 
1.670470 
1.630938 
1.950547 
1.857227 
1.765619 
1.791469 
1.523363 
2.075916 
1.659917 
1.869954 
1.687400 
1.664180 
1.750020 
1.812032 
1.579309 
1.504334 
2.138096 
1.548258 
