3.147854 
3.412293 
3.165090 
2.340644 
2.022384 
3.657423 
1.822872 
2.065055 
1.734422 
1.987366 
1.579222 
2.094199 
1.952730 
2.020775 
2.617127 
3.312301 
2.000223 
2.402148 
2.010135 
2.705800 
1.687192 
2.786100 
2.248858 
2.793654 
2.020757 
1.771670 
1.863477 
1.622539 
1.902339 
2.501887 
2.573061 
1.834344 
2.148481 
2.512686 
2.137410 
2.935140 
2.519207 
1.855955 
1.978072 
1.808995 
2.414679 
1.854792 
1.682672 
2.207196 
1.716354 
2.573110 
1.883337 
2.404194 
1.788429 
2.475930 
